,tweet_id,favorites,retweet_count
0,892420643555336193,33722,6978
1,892177421306343426,29250,5279
2,891815181378084864,21985,3465
3,891689557279858688,36817,7198
4,891327558926688256,35202,7722
5,891087950875897856,17755,2589
6,890971913173991426,10335,1648
7,890729181411237888,56694,15694
8,890609185150312448,24449,3605
9,890240255349198849,27869,6080
10,890006608113172480,26968,6119
11,889880896479866881,24505,4144
12,889665388333682689,41903,8311
13,889638837579907072,23599,3702
14,889531135344209921,13320,1874
15,889278841981685760,22050,4426
16,888917238123831296,25548,3746
17,888804989199671297,22406,3517
18,888554962724278272,17266,2867
19,888078434458587136,19110,2886
20,887705289381826560,26549,4522
21,887517139158093824,40606,9820
22,887473957103951883,60020,14971
23,887343217045368832,29513,8788
24,887101392804085760,26912,4974
25,886983233522544640,30274,6294
26,886736880519319552,10464,2618
27,886680336477933568,19674,3723
28,886366144734445568,18500,2614
29,886267009285017600,105,4
30,886258384151887873,24457,5262
31,886054160059072513,0,93
32,885984800019947520,28519,5592
33,885528943205470208,31518,5310
34,885518971528720385,17959,3100
35,885311592912609280,0,15381
36,885167619883638784,19203,3654
37,884925521741709313,67076,14958
38,884876753390489601,24319,4646
39,884562892145688576,21261,3897
40,884441805382717440,23803,4778
41,884247878851493888,63068,16847
42,884162670584377345,17905,2492
43,883838122936631299,19105,2849
44,883482846933004288,40081,8230
45,883360690899218434,19896,3061
46,883117836046086144,32414,5513
47,882992080364220416,20930,3230
48,882762694511734784,24719,4080
49,882627270321602560,24545,5045
50,882268110199369728,39075,9589
51,882045870035918850,25649,4069
52,881906580714921986,21391,2842
53,881666595344535552,44428,8921
54,881633300179243008,113,8
55,881536004380872706,43326,13357
56,881268444196462592,20440,4485
57,880935762899988482,15011,2329
58,880872448815771648,18670,3192
59,880465832366813184,24954,5198
60,880221127280381952,23591,3452
61,880095782870896641,24253,3637
62,879862464715927552,19658,2915
63,879674319642796034,282,9
64,879492040517615616,20660,2621
65,879415818425184262,92586,37302
66,879376492567855104,14815,2635
67,879130579576475649,0,5714
68,879050749262655488,19763,3939
69,879008229531029506,16742,2233
70,878776093423087618,17094,3422
71,878604707211726852,26374,5904
72,878404777348136964,0,1072
73,878316110768087041,0,5504
74,878281511006478336,6763,1072
75,878057613040115712,37042,5714
76,877736472329191424,69091,15741
77,877611172832227328,0,70
78,877556246731214848,19846,3156
79,877316821321428993,24078,4327
80,877201837425926144,23806,4609
81,876838120628539392,18175,2795
82,876537666061221889,21003,3963
83,876484053909872640,16520,1992
84,876120275196170240,24628,3890
85,875747767867523072,22047,3570
86,875144289856114688,19378,4135
87,875097192612077568,24188,5098
88,875021211251597312,22496,3955
89,874680097055178752,24544,3907
90,874434818259525634,0,12168
91,874296783580663808,22903,3471
92,874057562936811520,20060,3369
93,874012996292530176,30046,8559
94,873580283840344065,21333,3333
95,873337748698140672,0,1327
96,873213775632977920,6305,1327
97,872967104147763200,24005,4545
98,872820683541237760,13045,3158
99,872620804844003328,18287,3057
100,872486979161796608,36022,7692
101,872122724285648897,30139,6809
102,871879754684805121,32992,9214
103,871762521631449091,17836,2959
104,871515927908634625,17858,2928
105,871166179821445120,0,4880
106,871102520638267392,18498,4660
107,871032628920680449,20109,3215
108,870804317367881728,29724,5268
109,870726314365509632,105,3
110,870656317836468226,10865,2191
111,870374049280663552,73782,22677
112,870308999962521604,19437,3538
113,870063196459192321,32334,7052
114,869772420881756160,37920,8663
115,869702957897576449,24984,5368
116,869596645499047938,14152,2630
117,869227993411051520,18093,3191
118,868880397819494401,57797,12209
119,868639477480148993,0,1744
120,868622495443632128,23592,4448
121,868552278524837888,8943,1744
122,867900495410671616,21547,3555
123,867774946302451713,30160,6230
124,867421006826221569,14309,2109
125,867072653475098625,0,100
126,867051520902168576,28635,6756
127,866720684873056260,17820,4121
128,866686824827068416,17082,2955
129,866450705531457537,108574,30086
130,866334964761202691,46464,12168
131,866094527597207552,0,7140
132,865718153858494464,22855,4820
133,865359393868664832,23543,4272
134,865006731092295680,24985,6640
135,864873206498414592,28780,7479
136,864279568663928832,13042,2573
137,864197398364647424,26579,7560
138,863907417377173506,18395,3580
139,863553081350529029,13643,3617
140,863471782782697472,0,2087
141,863432100342583297,21246,4544
142,863427515083354112,1956,80
143,863079547188785154,7880,950
144,863062471531167744,7507,2087
145,862831371563274240,17189,4448
146,862722525377298433,15305,3079
147,862457590147678208,18227,4232
148,862096992088072192,66108,19924
149,861383897657036800,32208,9238
150,861288531465048066,15316,3578
151,861005113778896900,14959,3321
152,860981674716409858,0,1850
153,860924035999428608,0,676
154,860563773140209665,6708,1850
155,860524505164394496,21206,4589
156,860276583193509888,16542,3057
157,860184849394610176,14975,5109
158,860177593139703809,0,26640
159,859924526012018688,17595,3573
160,859851578198683649,13953,3061
161,859607811541651456,16803,1361
162,859196978902773760,80349,26189
163,859074603037188101,30355,11929
164,858860390427611136,0,7058
165,858843525470990336,14096,3019
166,858471635011153920,19434,4244
167,858107933456039936,14202,2534
168,857989990357356544,14465,2261
169,857746408056729600,30737,9321
170,857393404942143489,5295,1438
171,857263160327368704,18208,3963
172,857214891891077121,203,16
173,857062103051644929,0,146
174,857029823797047296,17011,3475
175,856543823941562368,14803,2538
176,856526610513747968,10798,1651
177,856288084350160898,488,15
178,856282028240666624,25180,5565
179,855862651834028034,303,21
180,855860136149123072,4399,850
181,855857698524602368,10837,1854
182,855851453814013952,41835,16089
183,855818117272018944,24233,4802
184,855459453768019968,27036,7289
185,855245323840757760,0,5253
186,855138241867124737,0,36
187,854732716440526848,20642,5337
188,854482394044301312,26524,6005
189,854365224396361728,17164,4135
190,854120357044912130,29168,6575
191,854010172552949760,14816,2786
192,853760880890318849,26023,5107
193,853639147608842240,31487,8852
194,853299958564483072,14139,3165
195,852936405516943360,0,1783
196,852912242202992640,8236,1595
197,852672615818899456,13620,1906
198,852553447878664193,14872,3104
199,852311364735569921,30291,8855
200,852226086759018497,18317,6076
201,852189679701164033,10559,1416
202,851591660324737024,14931,3123
203,851464819735769094,22225,6296
204,851224888060895234,19002,5163
205,850753642995093505,28092,8059
206,850380195714523136,12060,2326
207,850333567704068097,3188,301
208,850145622816686080,15023,3387
209,850019790995546112,18753,4357
210,849776966551130114,27877,6801
211,849668094696017920,0,4436
212,849412302885593088,14658,2823
213,849336543269576704,10545,1685
214,849051919805034497,38948,7604
215,848690551926992896,23240,3914
216,848324959059550208,22794,4143
217,848213670039564288,7534,644
218,848212111729840128,15015,2712
219,847978865427394560,0,2916
220,847971574464610304,0,394
221,847962785489326080,21703,4564
222,847842811428974592,5006,1186
223,847617282490613760,6462,376
224,847606175596138505,17331,3078
225,847251039262605312,18933,3909
226,847157206088847362,18348,5246
227,847116187444137987,19848,2871
228,846874817362120707,18587,3543
229,846514051647705089,41113,10356
230,846505985330044928,13048,2756
231,846153765933735936,29059,8153
232,846139713627017216,28759,9149
233,846042936437604353,14787,2582
234,845812042753855489,26979,7846
235,845677943972139009,23398,4374
236,845397057150107648,7079,1619
237,845306882940190720,21585,4847
238,845098359547420673,0,6929
239,844979544864018432,12656,2306
240,844973813909606400,13910,2845
241,844580511645339650,15274,2808
242,844223788422217728,12680,1987
243,843981021012017153,14092,2698
244,843856843873095681,19935,4165
245,843604394117681152,15665,2475
246,843235543001513987,19936,5389
247,842846295480000512,14198,3312
248,842765311967449089,6286,1175
249,842535590457499648,16892,3171
250,842163532590374912,22698,5253
251,842115215311396866,13010,2755
252,841833993020538882,0,13540
253,841680585030541313,24015,7146
254,841439858740625411,11711,3312
255,841320156043304961,18395,5013
256,841314665196081154,14728,4228
257,841077006473256960,21307,4880
258,840761248237133825,0,1620
259,840728873075638272,0,14569
260,840698636975636481,163,2
261,840696689258311684,11464,889
262,840632337062862849,8416,1620
263,840370681858686976,15324,4173
264,840268004936019968,17867,5204
265,839990271299457024,12520,2065
266,839549326359670784,25540,7058
267,839290600511926273,0,132
268,839239871831150596,25205,5926
269,838952994649550848,18344,3659
270,838921590096166913,10413,1853
271,838916489579200512,0,31
272,838831947270979586,0,10005
273,838561493054533637,10236,1230
274,838476387338051585,20939,4336
275,838201503651401729,0,9164
276,838150277551247360,1568,303
277,838085839343206401,134,1
278,838083903487373313,16442,2835
279,837820167694528512,31799,7140
280,837482249356513284,3602,405
281,837471256429613056,11968,2060
282,837110210464448512,15054,2176
283,836989968035819520,11935,2109
284,836753516572119041,18097,4259
285,836677758902222849,11831,2021
286,836648853927522308,0,507
287,836397794269200385,0,25037
288,836380477523124226,13893,2744
289,836260088725786625,19932,3976
290,836001077879255040,17872,3883
291,835685285446955009,0,7406
292,835574547218894849,16624,3293
293,835536468978302976,0,1540
294,835309094223372289,0,19126
295,835297930240217089,15415,2734
296,835264098648616962,7224,1540
297,835246439529840640,1988,63
298,835172783151792128,24541,5288
299,835152434251116546,20921,2755
300,834931633769889797,10087,1490
301,834786237630337024,20190,5105
302,834574053763584002,12798,2307
303,834477809192075265,0,9750
304,834458053273591808,9022,1545
305,834209720923721728,19214,4318
306,834167344700198914,14812,3359
307,834089966724603904,9435,1962
308,834086379323871233,12222,2039
309,833863086058651648,12600,2208
310,833826103416520705,17059,3483
311,833732339549220864,0,204
312,833722901757046785,19649,2994
313,833479644947025920,13982,1888
314,833124694597443584,18971,4436
315,832998151111966721,12408,2008
316,832769181346996225,0,38
317,832757312314028032,15824,3314
318,832682457690300417,11126,2664
319,832645525019123713,2734,484
320,832636094638288896,14870,2555
321,832397543355072512,11220,2036
322,832369877331693569,16050,2916
323,832273440279240704,10640,2140
324,832215909146226688,0,5712
325,832215726631055365,0,8574
326,832088576586297345,59,2
327,832040443403784192,0,8808
328,832032802820481025,16747,4296
329,831939777352105988,22452,5647
330,831926988323639298,319,34
331,831911600680497154,25800,5959
332,831670449226514432,9778,1686
333,831650051525054464,6672,1783
334,831552930092285952,8440,2157
335,831322785565769729,8741,1440
336,831315979191906304,6165,1035
337,831309418084069378,11073,2258
338,831262627380748289,11137,1885
339,830956169170665475,7500,1373
340,830583320585068544,62300,15381
341,830173239259324417,0,5228
342,830097400375152640,9141,2689
343,829878982036299777,0,4592
344,829861396166877184,11501,1790
345,829501995190984704,29832,9750
346,829449946868879360,9851,1858
347,829141528400556032,22873,6753
348,829011960981237760,50179,15066
349,828801551087042563,0,3151
350,828770345708580865,24033,5385
351,828708714936930305,34186,10299
352,828650029636317184,8933,1233
353,828409743546925057,6032,1078
354,828408677031882754,7238,1183
355,828381636999917570,11847,2055
356,828376505180889089,6973,991
357,828372645993398273,11845,2722
358,828361771580813312,2065,165
359,828046555563323392,11028,2649
360,828011680017821696,9751,1981
361,827933404142436356,18799,4815
362,827653905312006145,14558,2787
363,827600520311402496,7049,864
364,827324948884643840,14920,2801
365,827199976799354881,9977,2057
366,826958653328592898,20275,4592
367,826848821049180160,33981,9309
368,826615380357632002,0,3673
369,826598799820865537,4850,229
370,826598365270007810,9427,2174
371,826476773533745153,17335,3887
372,826240494070030336,12506,2412
373,826204788643753985,4586,855
374,826115272272650244,14713,2860
375,825876512159186944,9909,1735
376,825829644528148480,11994,2325
377,825535076884762624,53844,16313
378,825147591692263424,17218,4170
379,825120256414846976,0,1165
380,825026590719483904,5892,1165
381,824796380199809024,0,5080
382,824775126675836928,14027,3261
383,824663926340194305,9926,1639
384,824325613288833024,11148,9859
385,824297048279236611,14192,3558
386,824025158776213504,4569,556
387,823939628516474880,10039,2524
388,823719002937630720,0,10320
389,823699002998870016,13176,2331
390,823581115634085888,12232,2434
391,823333489516937216,662,22
392,823322678127919110,14787,3710
393,823269594223824897,0,9192
394,822975315408461824,16334,3194
395,822872901745569793,123758,39805
396,822859134160621569,12422,2107
397,822647212903690241,0,5939
398,822610361945911296,13934,2723
399,822489057087389700,17066,5939
400,822462944365645825,26230,13091
401,822244816520155136,33026,9192
402,822163064745328640,0,4358
403,821886076407029760,10656,2132
404,821813639212650496,0,3115
405,821765923262631936,7890,1555
406,821522889702862852,7554,1627
407,821421320206483457,0,5116
408,821407182352777218,11078,3981
409,821153421864615936,236,9
410,821149554670182400,8089,1821
411,821107785811234820,9040,1968
412,821044531881721856,11921,2117
413,820837357901512704,0,6219
414,820749716845686786,29750,9164
415,820690176645140481,11559,2992
416,820494788566847489,0,521
417,820446719150292993,0,2383
418,820314633777061888,3151,521
419,820078625395449857,18591,5768
420,820013781606658049,0,1080
421,819952236453363712,5011,1080
422,819924195358416896,12201,4531
423,819711362133872643,12590,2863
424,819588359383371776,9136,1865
425,819347104292290561,6820,1115
426,819238181065359361,2134,379
427,819227688460238848,21742,6219
428,819015337530290176,0,34452
429,819015331746349057,0,17740
430,819006400881917954,42912,17740
431,819004803107983360,82445,34452
432,818646164899774465,0,19379
433,818627210458333184,21168,7043
434,818614493328580609,9276,2346
435,818588835076603904,0,5670
436,818536468981415936,10241,2264
437,818307523543449600,0,7433
438,818259473185828864,10389,2074
439,818145370475810820,11591,2361
440,817908911860748288,4598,739
441,817827839487737858,48473,25037
442,817777686764523521,10202,2514
443,817536400337801217,11085,2721
444,817502432452313088,0,3133
445,817423860136083457,31753,13540
446,817415592588222464,5284,885
447,817181837579653120,0,7837
448,817171292965273600,8286,1860
449,817120970343411712,11512,2406
450,817056546584727552,8114,1510
451,816829038950027264,0,4373
452,816816676327063552,9454,1886
453,816697700272001025,9216,2048
454,816450570814898180,28600,7433
455,816336735214911488,8149,1795
456,816091915477250048,8466,1980
457,816062466425819140,0,944
458,816014286006976512,0,4864
459,815990720817401858,4680,944
460,815966073409433600,21076,7837
461,815745968457060357,0,3845
462,815736392542261248,9278,2109
463,815639385530101762,7802,1548
464,815390420867969024,9806,3555
465,814986499976527872,7245,1183
466,814638523311648768,10668,2517
467,814578408554463233,0,5440
468,814530161257443328,8201,1734
469,814153002265309185,27181,8083
470,813944609378369540,0,2946
471,813910438903693312,8835,1726
472,813812741911748608,34537,12997
473,813800681631023104,7868,1640
474,813217897535406080,17636,6830
475,813202720496779264,8750,1700
476,813187593374461952,18771,4034
477,813172488309972993,8779,1803
478,813157409116065792,7362,2060
479,813142292504645637,8069,2237
480,813130366689148928,4255,418
481,813127251579564032,11180,2913
482,813112105746448384,9776,2554
483,813096984823349248,10013,3372
484,813081950185472002,9407,2586
485,813066809284972545,7530,1821
486,813051746834595840,19890,6819
487,812781120811126785,7134,1784
488,812709060537683968,6280,1349
489,812503143955202048,5730,1148
490,812466873996607488,7558,1796
491,812372279581671427,12903,3414
492,811985624773361665,6897,1307
493,811744202451197953,7143,1469
494,811647686436880384,5306,680
495,811627233043480576,12046,2840
496,811386762094317568,19807,5962
497,810984652412424192,5044,1328
498,810896069567610880,8514,1639
499,810657578271330305,10409,2460
500,810284430598270976,33228,10471
501,810254108431155201,13938,3151
502,809920764300447744,14753,3673
503,809808892968534016,0,4557
504,809448704142938112,6594,1363
505,809220051211603969,18828,5228
506,809084759137812480,12530,3286
507,808838249661788160,9620,2857
508,808733504066486276,7476,2029
509,808501579447930884,10733,2452
510,808344865868283904,40082,19379
511,808134635716833280,0,5492
512,808106460588765185,8364,2062
513,808001312164028416,11819,3296
514,807621403335917568,13809,3375
515,807106840509214720,111313,51480
516,807059379405148160,0,6864
517,807010152071229440,12436,3620
518,806629075125202948,70391,32253
519,806620845233815552,0,5125
520,806576416489959424,4651,1818
521,806542213899489280,9711,2212
522,806242860592926720,0,10841
523,806219024703037440,6121,1131
524,805958939288408065,0,4996
525,805932879469572096,7863,1796
526,805826884734976000,6222,1710
527,805823200554876929,0,7442
528,805520635690676224,5472,1547
529,805487436403003392,8324,2370
530,805207613751304193,7463,1623
531,804738756058218496,12944,3592
532,804475857670639616,5825,1885
533,804413760345620481,0,3000
534,804026241225523202,41937,14988
535,803773340896923648,9527,2580
536,803692223237865472,0,6902
537,803638050916102144,10351,3873
538,803380650405482500,7371,1765
539,803321560782307329,0,4938
540,803276597545603072,9520,2292
541,802952499103731712,8559,1867
542,802624713319034886,0,2716
543,802600418706604034,6749,1377
544,802572683846291456,8496,2349
545,802323869084381190,15302,5457
546,802265048156610565,6607,1288
547,802239329049477120,8629,2451
548,802185808107208704,0,250
549,801958328846974976,7352,1592
550,801854953262350336,1722,218
551,801538201127157760,7796,1949
552,801285448605831168,5725,770
553,801167903437357056,23118,5492
554,801127390143516673,0,3691
555,801115127852503040,7663,1982
556,800859414831898624,644,90
557,800855607700029440,0,1512
558,800751577355128832,10070,2618
559,800513324630806528,12466,2817
560,800459316964663297,9027,2056
561,800443802682937345,0,4012
562,800388270626521089,10581,2630
563,800188575492947969,0,3681
564,800141422401830912,14483,2383
565,800018252395122689,26832,12265
566,799774291445383169,0,4355
567,799757965289017345,7941,2000
568,799422933579902976,7675,1794
569,799308762079035393,0,5060
570,799297110730567681,9367,2552
571,799063482566066176,7679,2336
572,798933969379225600,12392,4145
573,798925684722855936,7149,1355
574,798705661114773508,0,6192
575,798701998996647937,0,7214
576,798697898615730177,0,6074
577,798694562394996736,0,4629
578,798686750113755136,0,2173
579,798682547630837760,0,4419
580,798673117451325440,0,5206
581,798665375516884993,0,3667
582,798644042770751489,0,1738
583,798628517273620480,0,1856
584,798585098161549313,0,5254
585,798576900688019456,0,5460
586,798340744599797760,0,3131
587,798209839306514432,9900,2418
588,797971864723324932,10928,2881
589,797545162159308800,13842,4604
590,797236660651966464,18875,6138
591,797165961484890113,212,24
592,796904159865868288,0,8333
593,796865951799083009,7290,1825
594,796759840936919040,11179,2822
595,796563435802726400,0,6711
596,796484825502875648,7168,1647
597,796387464403357696,10437,3880
598,796177847564038144,0,13326
599,796149749086875649,30434,13326
600,796125600683540480,4725,1680
601,796116448414461957,8615,2244
602,796080075804475393,8003,2158
603,796031486298386433,10243,3494
604,795464331001561088,46650,21895
605,795400264262053889,9479,2677
606,795076730285391872,15310,5080
607,794983741416415232,0,3149
608,794926597468000259,9654,2153
609,794355576146903043,0,9633
610,794332329137291264,9109,2532
611,794205286408003585,8753,3105
612,793962221541933056,15876,4557
613,793845145112371200,8747,1740
614,793614319594401792,0,2918
615,793601777308463104,7561,1511
616,793500921481273345,10094,2226
617,793286476301799424,23297,8574
618,793271401113350145,8235,2239
619,793256262322548741,18886,7775
620,793241302385262592,9962,3064
621,793226087023144960,9265,2707
622,793210959003287553,8458,2600
623,793195938047070209,14411,5258
624,793180763617361921,6545,1858
625,793165685325201412,8879,2620
626,793150605191548928,5834,1592
627,793135492858580992,6061,2348
628,793120401413079041,11990,3671
629,792913359805018113,13550,3702
630,792883833364439040,10685,3991
631,792773781206999040,6983,1569
632,792394556390137856,12688,4006
633,792050063153438720,6756,1667
634,791821351946420224,0,19638
635,791784077045166082,0,8855
636,791780927877898241,0,3545
637,791774931465953280,42646,20694
638,791672322847637504,11118,2918
639,791406955684368384,12465,3845
640,791312159183634433,8304,2359
641,791026214425268224,0,3794
642,790987426131050500,9284,1981
643,790946055508652032,15833,4373
644,790723298204217344,0,2140
645,790698755171364864,7786,1798
646,790581949425475584,19503,6624
647,790337589677002753,7409,1763
648,790277117346975746,11873,2946
649,790227638568808452,0,3294
650,789986466051088384,8787,2140
651,789960241177853952,0,3810
652,789903600034189313,9762,3872
653,789628658055020548,7061,1639
654,789599242079838210,6363,1787
655,789530877013393408,11060,3149
656,789314372632018944,8181,2130
657,789280767834746880,0,4576
658,789268448748703744,8631,2436
659,789137962068021249,9204,2600
660,788908386943430656,26010,11676
661,788765914992902144,25839,9633
662,788552643979468800,0,6632
663,788412144018661376,14684,4908
664,788178268662984705,6877,1967
665,788150585577050112,5781,1196
666,788070120937619456,0,3202
667,788039637453406209,5779,1221
668,787810552592695296,8131,2832
669,787717603741622272,9692,2579
670,787397959788929025,10310,2658
671,787322443945877504,7373,1621
672,787111942498508800,0,6282
673,786963064373534720,25222,7406
674,786729988674449408,0,2270
675,786709082849828864,17329,5712
676,786664955043049472,10029,2359
677,786595970293370880,8956,2904
678,786363235746385920,10255,3206
679,786286427768250368,7547,2636
680,786233965241827333,14369,4358
681,786051337297522688,1352,145
682,786036967502913536,0,6481
683,785927819176054784,10778,2974
684,785872687017132033,6323,1667
685,785639753186217984,7438,2100
686,785533386513321988,8561,1832
687,785515384317313025,5774,1157
688,785264754247995392,6890,1513
689,785170936622350336,11333,4483
690,784826020293709826,9558,3000
691,784517518371221505,8474,2357
692,784431430411685888,5435,1181
693,784183165795655680,18904,7442
694,784057939640352768,28021,10320
695,783839966405230592,28317,10005
696,783821107061198850,6955,1822
697,783695101801398276,9838,2981
698,783466772167098368,7947,2073
699,783391753726550016,15958,5073
700,783347506784731136,0,5130
701,783334639985389568,27404,10841
702,783085703974514689,7712,2017
703,782969140009107456,22766,6864
704,782747134529531904,7054,1316
705,782722598790725632,16251,4996
706,782598640137187329,7366,1763
707,782305867769217024,15676,5116
708,782021823840026624,0,5713
709,781955203444699136,10540,3126
710,781661882474196992,9847,2511
711,781655249211752448,3768,1047
712,781524693396357120,19542,5125
713,781308096455073793,6727,2377
714,781251288990355457,7902,1922
715,781163403222056960,9246,2573
716,780931614150983680,20450,6711
717,780858289093574656,6782,1856
718,780800785462489090,5177,1198
719,780601303617732608,11405,3115
720,780543529827336192,5930,1623
721,780496263422808064,0,3411
722,780476555013349377,0,103
723,780459368902959104,4981,1000
724,780192070812196864,8188,2076
725,780092040432480260,0,2121
726,780074436359819264,11395,4556
727,779834332596887552,17710,6481
728,779377524342161408,8232,2873
729,779124354206535695,0,16949
730,779056095788752897,13849,4195
731,778990705243029504,18702,6632
732,778774459159379968,0,9118
733,778764940568104960,819,337
734,778748913645780993,6445,1203
735,778650543019483137,5408,1385
736,778624900596654080,4329,940
737,778408200802557953,12837,3994
738,778396591732486144,0,11295
739,778383385161035776,5491,1018
740,778286810187399168,9719,3054
741,778039087836069888,7967,2454
742,778027034220126208,6182,1490
743,777953400541634568,0,3256
744,777885040357281792,5984,1511
745,777684233540206592,10590,2716
746,777641927919427584,0,3905
747,777621514455814149,8203,2332
748,777189768882946048,13279,3973
749,776819012571455488,0,12547
750,776813020089548800,4596,1111
751,776477788987613185,8222,2549
752,776249906839351296,0,8417
753,776218204058357768,28024,14654
754,776201521193218049,9006,2330
755,776113305656188928,11076,4012
756,776088319444877312,1709,141
757,775898661951791106,0,15467
758,775842724423557120,11004,2454
759,775733305207554048,13034,3691
760,775729183532220416,12240,4263
761,775364825476165632,6929,2708
762,775350846108426240,9552,3615
763,775085132600442880,14593,4355
764,774757898236878852,8117,1650
765,774639387460112384,6351,1610
766,774314403806253056,20480,5060
767,773985732834758656,10134,3576
768,773922284943896577,6048,1619
769,773704687002451968,6221,1494
770,773670353721753600,5044,1220
771,773547596996571136,20777,5670
772,773336787167145985,0,4656
773,773308824254029826,21923,6929
774,773247561583001600,8858,2994
775,773191612633579521,9359,3792
776,772877495989305348,8030,3569
777,772826264096874500,7554,2202
778,772615324260794368,0,3108
779,772581559778025472,6088,1579
780,772193107915964416,5658,1285
781,772152991789019136,3580,1048
782,772117678702071809,3539,686
783,772114945936949249,2575,440
784,772102971039580160,3762,862
785,771908950375665664,6164,1749
786,771770456517009408,11253,3131
787,771500966810099713,7752,2414
788,771380798096281600,9887,4656
789,771171053431250945,0,6869
790,771136648247640064,8585,2702
791,771102124360998913,5847,1325
792,771014301343748096,6467,1534
793,770787852854652928,4607,1100
794,770772759874076672,4876,1320
795,770655142660169732,6909,1663
796,770414278348247044,5928,1921
797,770293558247038976,5838,1352
798,770093767776997377,0,2803
799,770069151037685760,7125,2119
800,769940425801170949,29225,8808
801,769695466921623552,6029,1559
802,769335591808995329,0,7107
803,769212283578875904,5073,1593
804,768970937022709760,13367,5979
805,768909767477751808,0,2430
806,768855141948723200,3920,821
807,768609597686943744,3847,1095
808,768596291618299904,4727,1184
809,768554158521745409,0,5368
810,768473857036525572,12746,3152
811,768193404517830656,10164,3256
812,767884188863397888,4458,1264
813,767754930266464257,14945,4938
814,767500508068192258,7032,2142
815,767191397493538821,11504,3457
816,767122157629476866,9525,2630
817,766793450729734144,4733,1250
818,766714921925144576,2459,345
819,766693177336135680,3785,727
820,766423258543644672,5618,1450
821,766313316352462849,6328,1728
822,766078092750233600,0,2410
823,766069199026450432,3931,770
824,766008592277377025,3526,456
825,765719909049503744,6789,1986
826,765669560888528897,4845,1128
827,765395769549590528,25061,3099
828,765371061932261376,6665,1999
829,765222098633691136,10896,3108
830,764857477905154048,6063,1642
831,764259802650378240,5621,1384
832,763956972077010945,731,49
833,763837565564780549,11727,3794
834,763183847194451968,5050,1352
835,763167063695355904,0,2743
836,763103485927849985,6909,2110
837,762699858130116608,11337,3294
838,762471784394268675,10490,5888
839,762464539388485633,9619,3810
840,762316489655476224,4494,1027
841,762035686371364864,29742,14247
842,761976711479193600,5030,1818
843,761750502866649088,0,3577
844,761745352076779520,4008,792
845,761672994376806400,46175,26640
846,761599872357261312,3876,1095
847,761371037149827077,0,16596
848,761334018830917632,4814,1333
849,761292947749015552,4176,998
850,761227390836215808,4988,1437
851,761004547850530816,10629,3202
852,760893934457552897,3564,886
853,760656994973933572,6163,1745
854,760641137271070720,4663,1185
855,760539183865880579,7058,3326
856,760521673607086080,3915,1278
857,760290219849637889,25017,10536
858,760252756032651264,3699,795
859,760190180481531904,5339,1645
860,760153949710192640,0,28
861,759943073749200896,5516,1926
862,759846353224826880,6273,1795
863,759793422261743616,5566,1757
864,759557299618865152,4389,1101
865,759447681597108224,7929,2270
866,759446261539934208,1562,453
867,759197388317847553,5688,1798
868,759159934323924993,0,1065
869,759099523532779520,13588,3809
870,759047813560868866,6059,1844
871,758854675097526272,3317,839
872,758828659922702336,10450,3542
873,758740312047005698,5367,1496
874,758474966123810816,3549,912
875,758467244762497024,4467,2026
876,758405701903519748,4863,1757
877,758355060040593408,3146,957
878,758099635764359168,17667,9118
879,758041019896193024,2522,338
880,757741869644341248,6395,3017
881,757729163776290825,0,7186
882,757725642876129280,4247,1108
883,757611664640446465,4285,1004
884,757597904299253760,0,277
885,757596066325864448,4062,954
886,757400162377592832,14111,6299
887,757393109802180609,5434,1574
888,757354760399941633,4202,1298
889,756998049151549440,5858,1830
890,756939218950160384,6197,1831
891,756651752796094464,4689,1190
892,756526248105566208,9682,3286
893,756303284449767430,3683,1002
894,756288534030475264,41103,16261
895,756275833623502848,5965,1402
896,755955933503782912,6812,2619
897,755206590534418437,15272,4892
898,755110668769038337,19686,10156
899,754874841593970688,0,7218
900,754856583969079297,6431,2307
901,754747087846248448,2410,476
902,754482103782404096,4923,1786
903,754449512966619136,3500,671
904,754120377874386944,7370,2158
905,753655901052166144,5438,1989
906,753420520834629632,7321,3230
907,753398408988139520,5342,1725
908,753375668877008896,7119,2121
909,753298634498793472,0,5193
910,753294487569522689,3123,955
911,753039830821511168,34527,19126
912,753026973505581056,3643,874
913,752932432744185856,11731,6282
914,752917284578922496,6497,1438
915,752701944171524096,0,2610
916,752682090207055872,5590,1456
917,752660715232722944,4070,1419
918,752568224206688256,5107,2078
919,752519690950500352,6838,3148
920,752334515931054080,3589,1006
921,752309394570878976,0,14867
922,752173152931807232,5535,1668
923,751950017322246144,2845,830
924,751937170840121344,4821,1195
925,751830394383790080,5427,1784
926,751793661361422336,5384,2609
927,751598357617971201,7393,2824
928,751583847268179968,4099,1001
929,751538714308972544,4706,1144
930,751456908746354688,2998,920
931,751251247299190784,11713,5374
932,751205363882532864,5892,1662
933,751132876104687617,4719,1180
934,750868782890057730,4448,1242
935,750719632563142656,12230,4576
936,750506206503038976,4128,1046
937,750429297815552001,12284,3905
938,750383411068534784,4253,1038
939,750381685133418496,669,26
940,750147208377409536,2902,873
941,750132105863102464,3359,1176
942,750117059602808832,4043,1204
943,750101899009982464,2839,774
944,750086836815486976,2022,490
945,750071704093859840,7235,3023
946,750056684286914561,2950,817
947,750041628174217216,2957,565
948,750026558547456000,2524,717
949,750011400160841729,3001,819
950,749996283729883136,2824,754
951,749981277374128128,4771,2272
952,749774190421639168,4349,1205
953,749417653287129088,5667,1508
954,749403093750648834,2434,489
955,749395845976588288,7947,3143
956,749317047558017024,5086,2040
957,749075273010798592,5358,1879
958,749064354620928000,4491,1403
959,749036806121881602,2877,728
960,748977405889503236,10004,3124
961,748932637671223296,5399,2052
962,748705597323898880,2582,875
963,748699167502000129,4402,1453
964,748692773788876800,3943,1224
965,748575535303884801,5626,1803
966,748568946752774144,2043,606
967,748346686624440324,4843,1119
968,748337862848962560,7046,3724
969,748324050481647620,3447,689
970,748307329658011649,3437,652
971,748220828303695873,13110,7087
972,747963614829678593,5370,1950
973,747933425676525569,6160,2346
974,747885874273214464,2712,878
975,747844099428986880,2621,673
976,747816857231626240,4490,1053
977,747651430853525504,1271,143
978,747648653817413632,11943,5307
979,747600769478692864,2165,520
980,747594051852075008,3416,946
981,747512671126323200,5115,1470
982,747461612269887489,3581,938
983,747439450712596480,5029,1749
984,747242308580548608,0,2620
985,747219827526344708,4880,1433
986,747204161125646336,3117,828
987,747103485104099331,8868,3613
988,746906459439529985,2712,269
989,746872823977771008,5558,1935
990,746818907684614144,4941,1591
991,746790600704425984,4511,1456
992,746757706116112384,8821,3545
993,746726898085036033,5622,1634
994,746542875601690625,4680,1742
995,746521445350707200,0,898
996,746507379341139972,4338,989
997,746369468511756288,5751,1482
998,746131877086527488,6377,1992
999,746056683365994496,3317,738
1000,745789745784041472,3663,963
1001,745712589599014916,6490,2121
1002,745433870967832576,6529,2302
1003,745422732645535745,7936,2190
1004,745314880350101504,6596,2474
1005,745074613265149952,7252,3177
1006,745057283344719872,6738,2049
1007,744995568523612160,2737,566
1008,744971049620602880,7290,2436
1009,744709971296780288,5211,1430
1010,744334592493166593,6325,1924
1011,744234799360020481,144388,70421
1012,744223424764059648,1533,324
1013,743980027717509120,3886,1000
1014,743895849529389061,3398,875
1015,743835915802583040,0,1862
1016,743609206067040256,4152,1268
1017,743595368194129920,16909,5942
1018,743545585370791937,3272,859
1019,743510151680958465,7400,3411
1020,743253157753532416,3925,1117
1021,743222593470234624,5721,1728
1022,743210557239623680,3553,1232
1023,742534281772302336,6542,3270
1024,742528092657332225,4093,1790
1025,742465774154047488,6738,3588
1026,742423170473463808,9073,3411
1027,742385895052087300,6276,1772
1028,742161199639494656,3990,1242
1029,742150209887731712,4704,1394
1030,741793263812808706,4211,1381
1031,741743634094141440,7537,2489
1032,741438259667034112,3410,744
1033,741303864243200000,8112,2911
1034,741099773336379392,9205,5007
1035,741067306818797568,8839,2803
1036,740995100998766593,5813,2461
1037,740711788199743490,3142,859
1038,740699697422163968,2645,706
1039,740676976021798912,16793,6192
1040,740373189193256964,32497,12097
1041,740365076218183684,2244,385
1042,740359016048689152,3045,794
1043,740214038584557568,6173,1780
1044,739979191639244800,18460,5368
1045,739932936087216128,3749,983
1046,739844404073074688,3520,785
1047,739623569819336705,3493,1236
1048,739606147276148736,4978,1490
1049,739544079319588864,36402,19208
1050,739485634323156992,6589,2635
1051,739238157791694849,106901,52686
1052,738891149612572673,89,6
1053,738885046782832640,3496,1042
1054,738883359779196928,3037,720
1055,738537504001953792,4696,1392
1056,738402415918125056,3001,737
1057,738184450748633089,3962,1104
1058,738166403467907072,8057,3030
1059,738156290900254721,2281,584
1060,737826014890496000,4824,1601
1061,737800304142471168,9248,3162
1062,737678689543020544,4620,1193
1063,737445876994609152,9426,4043
1064,737322739594330112,3315,730
1065,737310737551491075,13494,6736
1066,736736130620620800,3868,1538
1067,736392552031657984,16306,6632
1068,736365877722001409,3657,1111
1069,736225175608430592,7477,2537
1070,736010884653420544,7237,2694
1071,735991953473572864,3294,1033
1072,735648611367784448,3722,1007
1073,735635087207878657,5651,2138
1074,735274964362878976,12016,4535
1075,735256018284875776,3056,801
1076,735137028879360001,2873,878
1077,734912297295085568,2542,471
1078,734787690684657664,11542,5746
1079,734776360183431168,2315,487
1080,734559631394082816,1374,353
1081,733828123016450049,3299,714
1082,733822306246479872,3383,923
1083,733482008106668032,2876,852
1084,733460102733135873,3868,1135
1085,733109485275860992,49275,15467
1086,732732193018155009,2225,481
1087,732726085725589504,3287,794
1088,732585889486888962,3354,712
1089,732375214819057664,7421,2276
1090,732005617171337216,13670,4864
1091,731285275100512256,3217,899
1092,731156023742988288,3542,1140
1093,730924654643314689,5629,1781
1094,730573383004487680,4454,1909
1095,730427201120833536,3198,937
1096,730211855403241472,3483,956
1097,730196704625098752,4436,1701
1098,729854734790754305,3713,1013
1099,729838605770891264,1601,338
1100,729823566028484608,3647,1123
1101,729463711119904772,5310,2086
1102,729113531270991872,1737,287
1103,728986383096946689,2880,736
1104,728760639972315136,4284,1535
1105,728751179681943552,2536,614
1106,728653952833728512,3058,946
1107,728409960103686147,4493,1821
1108,728387165835677696,3421,876
1109,728046963732717569,3929,1082
1110,728035342121635841,4158,1507
1111,728015554473250816,3783,990
1112,727685679342333952,2720,573
1113,727644517743104000,5382,1584
1114,727524757080539137,4103,1080
1115,727314416056803329,3060,670
1116,727286334147182592,2822,744
1117,727175381690781696,3588,1240
1118,727155742655025152,3323,1198
1119,726935089318363137,6292,2200
1120,726887082820554753,3526,1366
1121,726828223124897792,3302,913
1122,726224900189511680,4075,1042
1123,725842289046749185,6516,2410
1124,725786712245440512,3845,1241
1125,725729321944506368,4793,1605
1126,725458796924002305,1300,554
1127,724983749226668032,3437,1166
1128,724771698126512129,2152,567
1129,724405726123311104,4865,1509
1130,724049859469295616,3973,1616
1131,724046343203856385,2452,512
1132,724004602748780546,3828,1389
1133,723912936180330496,3586,1124
1134,723688335806480385,7033,2637
1135,723673163800948736,2785,813
1136,723179728551723008,4859,1687
1137,722974582966214656,3762,1431
1138,722613351520608256,4585,1492
1139,721503162398597120,4222,1644
1140,721001180231503872,2342,551
1141,720785406564900865,2859,698
1142,720775346191278080,2252,564
1143,720415127506415616,3785,1357
1144,720389942216527872,5864,2259
1145,720340705894408192,2617,873
1146,720059472081784833,3552,1017
1147,720043174954147842,4567,1814
1148,719991154352222208,4473,1591
1149,719704490224398336,4171,1293
1150,719551379208073216,4641,1708
1151,719367763014393856,2600,686
1152,719339463458033665,4095,1118
1153,719332531645071360,3178,856
1154,718971898235854848,3202,984
1155,718939241951195136,4800,1581
1156,718631497683582976,17316,7214
1157,718613305783398402,2251,427
1158,718540630683709445,2244,920
1159,718460005985447936,2501,474
1160,718454725339934721,4505,1376
1161,718246886998687744,1760,446
1162,718234618122661888,3562,912
1163,717841801130979328,2269,542
1164,717790033953034240,2632,985
1165,717537687239008257,5307,1657
1166,717428917016076293,1475,406
1167,717421804990701568,2886,756
1168,717047459982213120,5795,1734
1169,717009362452090881,2975,867
1170,716802964044845056,3961,1048
1171,716791146589110272,7744,1457
1172,716730379797970944,1131,396
1173,716447146686459905,11982,5305
1174,716439118184652801,2193,189
1175,716285507865542656,2555,964
1176,716080869887381504,6242,1705
1177,715928423106027520,2928,794
1178,715758151270801409,3413,1284
1179,715733265223708672,4281,1526
1180,715704790270025728,2554,512
1181,715696743237730304,3612,1163
1182,715680795826982913,3965,1442
1183,715360349751484417,5031,1409
1184,715342466308784130,2791,622
1185,715220193576927233,2205,587
1186,715200624753819648,4746,1682
1187,715009755312439296,3813,1104
1188,714982300363173890,3426,931
1189,714962719905021952,6746,3832
1190,714957620017307648,3810,1277
1191,714631576617938945,3014,897
1192,714606013974974464,3339,829
1193,714485234495041536,2450,1007
1194,714258258790387713,2816,667
1195,714251586676113411,3023,758
1196,714214115368108032,2111,797
1197,714141408463036416,4000,1278
1198,713919462244790272,3040,720
1199,713909862279876608,1747,484
1200,713900603437621249,2616,661
1201,713761197720473600,4458,1239
1202,713411074226274305,4092,1184
1203,713177543487135744,6641,2587
1204,713175907180089344,4082,1330
1205,712809025985978368,17532,6074
1206,712717840512598017,11302,4504
1207,712668654853337088,3819,1097
1208,712438159032893441,4902,1416
1209,712309440758808576,222,24
1210,712097430750289920,3452,932
1211,712092745624633345,2710,812
1212,712085617388212225,3015,434
1213,712065007010385924,2074,568
1214,711998809858043904,0,121
1215,711968124745228288,7407,2091
1216,711743778164514816,2616,906
1217,711732680602345472,8071,3690
1218,711694788429553666,30233,16596
1219,711652651650457602,3545,819
1220,711363825979756544,3323,1017
1221,711306686208872448,3047,678
1222,711008018775851008,2743,559
1223,710997087345876993,4214,1260
1224,710844581445812225,2350,610
1225,710833117892898816,2467,476
1226,710658690886586372,2138,512
1227,710609963652087808,4425,2154
1228,710588934686908417,4172,1696
1229,710296729921429505,2199,669
1230,710283270106132480,1996,480
1231,710272297844797440,4146,1139
1232,710269109699739648,2195,1013
1233,710153181850935296,2682,808
1234,710140971284037632,2515,800
1235,710117014656950272,5027,1780
1236,709918798883774466,3221,993
1237,709901256215666688,608,92
1238,709852847387627521,3233,1089
1239,709566166965075968,3253,1072
1240,709556954897764353,3022,974
1241,709519240576036864,1385,219
1242,709449600415961088,2023,517
1243,709409458133323776,2425,617
1244,709225125749587968,2205,521
1245,709207347839836162,11410,5171
1246,709198395643068416,2264,589
1247,709179584944730112,1852,608
1248,709158332880297985,1875,366
1249,709042156699303936,4326,1477
1250,708853462201716736,1667,592
1251,708845821941387268,2738,802
1252,708834316713893888,1550,449
1253,708810915978854401,15217,6244
1254,708738143638450176,2537,739
1255,708711088997666817,2334,638
1256,708479650088034305,2338,617
1257,708469915515297792,2850,729
1258,708400866336894977,14667,9052
1259,708356463048204288,3307,1199
1260,708349470027751425,2186,676
1261,708149363256774660,3987,1412
1262,708130923141795840,3098,784
1263,708119489313951744,2477,896
1264,708109389455101952,1800,501
1265,708026248782585858,4063,1749
1266,707995814724026368,2864,1013
1267,707983188426153984,45,2
1268,707969809498152960,2485,867
1269,707776935007539200,3007,872
1270,707741517457260545,2289,555
1271,707738799544082433,3731,2199
1272,707693576495472641,3124,915
1273,707629649552134146,2353,783
1274,707610948723478529,15579,5713
1275,707420581654872064,2070,632
1276,707411934438625280,2113,543
1277,707387676719185920,3216,1147
1278,707377100785885184,3009,974
1279,707315916783140866,2283,578
1280,707297311098011648,2579,709
1281,707059547140169728,2399,619
1282,707038192327901184,2016,716
1283,707021089608753152,3730,1221
1284,707014260413456384,2115,539
1285,706904523814649856,13418,7107
1286,706901761596989440,1882,522
1287,706681918348251136,3024,890
1288,706644897839910912,2345,982
1289,706593038911545345,1983,581
1290,706538006853918722,3187,1287
1291,706516534877929472,2873,929
1292,706346369204748288,3169,842
1293,706310011488698368,19514,7122
1294,706291001778950144,1566,435
1295,706265994973601792,2515,848
1296,706169069255446529,3579,2001
1297,706166467411222528,4718,1447
1298,706153300320784384,1357,343
1299,705975130514706432,2861,662
1300,705970349788291072,2922,795
1301,705898680587526145,2182,494
1302,705786532653883392,1793,466
1303,705591895322394625,2911,1027
1304,705475953783398401,2740,825
1305,705442520700944385,4065,1459
1306,705428427625635840,3508,1517
1307,705239209544720384,2771,677
1308,705223444686888960,2374,712
1309,705102439679201280,1961,472
1310,705066031337840642,2013,556
1311,704871453724954624,3959,1014
1312,704859558691414016,2069,476
1313,704847917308362754,4693,1365
1314,704819833553219584,2447,895
1315,704761120771465216,6127,2620
1316,704499785726889984,2655,902
1317,704491224099647488,687,71
1318,704480331685040129,3148,979
1319,704364645503647744,7325,3226
1320,704347321748819968,1444,313
1321,704134088924532736,1384,412
1322,704113298707505153,1712,520
1323,704054845121142784,2690,841
1324,703774238772166656,1704,404
1325,703769065844768768,3011,1021
1326,703631701117943808,2359,600
1327,703611486317502464,3541,1380
1328,703425003149250560,3498,1219
1329,703407252292673536,2253,623
1330,703382836347330562,3220,1027
1331,703356393781329922,1764,345
1332,703268521220972544,1827,494
1333,703079050210877440,6804,2799
1334,703041949650034688,24311,11295
1335,702932127499816960,2369,651
1336,702899151802126337,1480,411
1337,702684942141153280,2977,964
1338,702671118226825216,2020,508
1339,702598099714314240,11315,3128
1340,702539513671897089,2640,865
1341,702332542343577600,2929,1386
1342,702321140488925184,3024,948
1343,702276748847800320,2279,694
1344,702217446468493312,4389,1222
1345,701981390485725185,3156,888
1346,701952816642965504,3536,928
1347,701889187134500865,3244,1254
1348,701805642395348998,3116,1505
1349,701601587219795968,1924,416
1350,701570477911896070,2574,839
1351,701545186879471618,2447,549
1352,701214700881756160,11259,4629
1353,700890391244103680,2038,510
1354,700864154249383937,2395,556
1355,700847567345688576,2268,449
1356,700796979434098688,2254,856
1357,700747788515020802,21002,8417
1358,700518061187723268,2390,721
1359,700505138482569216,2104,521
1360,700462010979500032,3781,1624
1361,700167517596164096,2426,654
1362,700151421916807169,2053,608
1363,700143752053182464,6912,2430
1364,700062718104104960,2445,611
1365,700029284593901568,1912,529
1366,700002074055016451,3028,1198
1367,699801817392291840,2772,849
1368,699788877217865730,2059,469
1369,699779630832685056,2501,1108
1370,699775878809702401,1805,538
1371,699691744225525762,9447,4153
1372,699446877801091073,5504,2398
1373,699434518667751424,2028,466
1374,699423671849451520,1251,288
1375,699413908797464576,1929,569
1376,699370870310113280,1750,391
1377,699323444782047232,2896,783
1378,699088579889332224,2085,563
1379,699079609774645248,2258,571
1380,699072405256409088,2714,1076
1381,699060279947165696,3423,1619
1382,699036661657767936,2399,1088
1383,698989035503689728,3075,876
1384,698953797952008193,2481,827
1385,698907974262222848,2336,553
1386,698710712454139905,2265,616
1387,698703483621523456,1323,335
1388,698635131305795584,1198,312
1389,698549713696649216,2149,558
1390,698355670425473025,1703,395
1391,698342080612007937,2073,870
1392,698262614669991936,4396,1795
1393,698195409219559425,15504,5440
1394,698178924120031232,2589,674
1395,697995514407682048,1410,305
1396,697990423684476929,3017,1168
1397,697943111201378304,2198,614
1398,697881462549430272,2778,1054
1399,697630435728322560,1597,497
1400,697616773278015490,2890,921
1401,697596423848730625,2769,1133
1402,697575480820686848,1882,452
1403,697516214579523584,1877,992
1404,697482927769255936,2233,599
1405,697463031882764288,3164,1268
1406,697270446429966336,4342,1714
1407,697259378236399616,3041,901
1408,697255105972801536,2847,1053
1409,697242256848379904,2325,616
1410,696900204696625153,2915,936
1411,696894894812565505,2167,615
1412,696886256886657024,4442,1630
1413,696877980375769088,2259,637
1414,696754882863349760,1370,328
1415,696744641916489729,1890,834
1416,696713835009417216,2176,584
1417,696518437233913856,3631,1564
1418,696490539101908992,1135,127
1419,696488710901260288,2305,926
1420,696405997980676096,2924,1051
1421,696100768806522880,1775,584
1422,695816827381944320,2757,1053
1423,695794761660297217,2915,707
1424,695767669421768709,1709,665
1425,695629776980148225,4199,1892
1426,695446424020918272,4087,1651
1427,695409464418041856,7981,3238
1428,695314793360662529,3335,1297
1429,695095422348574720,2454,550
1430,695074328191332352,2608,992
1431,695064344191721472,1477,528
1432,695051054296211456,2430,716
1433,694925794720792577,2494,817
1434,694905863685980160,2534,834
1435,694669722378485760,32981,13059
1436,694356675654983680,1386,251
1437,694352839993344000,1880,540
1438,694342028726001664,1460,432
1439,694329668942569472,1818,449
1440,694206574471057408,3813,1850
1441,694183373896572928,2705,842
1442,694001791655137281,3137,924
1443,693993230313091072,1732,358
1444,693942351086120961,1621,328
1445,693647888581312512,2474,517
1446,693644216740769793,1264,115
1447,693642232151285760,2348,376
1448,693629975228977152,2259,719
1449,693622659251335168,1418,337
1450,693590843962331137,4656,1778
1451,693582294167244802,1516,223
1452,693486665285931008,1627,566
1453,693280720173801472,3084,1122
1454,693267061318012928,2199,731
1455,693262851218264065,2043,452
1456,693231807727280129,2653,670
1457,693155686491000832,7260,2890
1458,693109034023534592,1563,549
1459,693095443459342336,1701,404
1460,692919143163629568,2497,696
1461,692905862751522816,2235,790
1462,692901601640583168,1618,537
1463,692894228850999298,2084,714
1464,692828166163931137,2656,795
1465,692752401762250755,6276,3295
1466,692568918515392513,4029,1392
1467,692535307825213440,2903,1232
1468,692530551048294401,1700,368
1469,692423280028966913,1366,197
1470,692417313023332352,8644,3133
1471,692187005137076224,2332,744
1472,692158366030913536,1971,718
1473,692142790915014657,1508,354
1474,692041934689402880,3115,1130
1475,692017291282812928,2671,870
1476,691820333922455552,3650,1490
1477,691793053716221953,7480,3823
1478,691756958957883396,2596,885
1479,691675652215414786,1795,459
1480,691483041324204033,2197,500
1481,691459709405118465,3726,1020
1482,691444869282295808,2435,751
1483,691416866452082688,17823,6902
1484,691321916024623104,2382,599
1485,691096613310316544,2757,792
1486,691090071332753408,1606,305
1487,690989312272396288,5448,2611
1488,690959652130045952,3312,1112
1489,690938899477221376,3770,1748
1490,690932576555528194,3026,906
1491,690735892932222976,3496,1150
1492,690728923253055490,1999,465
1493,690690673629138944,2150,746
1494,690649993829576704,1199,248
1495,690607260360429569,279,14
1496,690597161306841088,1784,546
1497,690400367696297985,1741,406
1498,690374419777196032,2969,760
1499,690360449368465409,2446,792
1500,690348396616552449,1369,461
1501,690248561355657216,1538,370
1502,690021994562220032,2578,922
1503,690015576308211712,2299,659
1504,690005060500217858,3383,1534
1505,689999384604450816,1304,329
1506,689993469801164801,1349,406
1507,689977555533848577,1264,409
1508,689905486972461056,2256,623
1509,689877686181715968,2796,1044
1510,689835978131935233,2016,688
1511,689661964914655233,2992,850
1512,689659372465688576,9522,3465
1513,689623661272240129,2039,580
1514,689599056876867584,10751,5014
1515,689557536375177216,1898,404
1516,689517482558820352,3123,1296
1517,689289219123089408,2067,846
1518,689283819090870273,3017,1004
1519,689280876073582592,1823,638
1520,689275259254616065,1052,225
1521,689255633275777024,2349,973
1522,689154315265683456,2855,897
1523,689143371370250240,1865,454
1524,688916208532455424,2495,772
1525,688908934925697024,1941,708
1526,688898160958271489,1923,710
1527,688894073864884227,2059,620
1528,688828561667567616,1276,321
1529,688804835492233216,886,170
1530,688789766343622656,2052,604
1531,688547210804498433,2397,627
1532,688519176466644993,2148,657
1533,688385280030670848,8535,4075
1534,688211956440801280,2076,751
1535,688179443353796608,1977,527
1536,688116655151435777,2609,697
1537,688064179421470721,1595,323
1538,687841446767013888,5012,2249
1539,687826841265172480,2516,1009
1540,687818504314159109,2279,862
1541,687807801670897665,2198,657
1542,687732144991551489,1616,595
1543,687704180304273409,2240,764
1544,687664829264453632,1802,470
1545,687494652870668288,1755,527
1546,687480748861947905,1473,221
1547,687476254459715584,1826,481
1548,687460506001633280,1907,491
1549,687399393394311168,1748,551
1550,687317306314240000,18625,8333
1551,687312378585812992,4001,1726
1552,687127927494963200,4964,2049
1553,687124485711986689,2016,461
1554,687109925361856513,5353,2227
1555,687102708889812993,2168,870
1556,687096057537363968,2076,551
1557,686947101016735744,7974,2899
1558,686760001961103360,3238,1256
1559,686749460672679938,3198,1316
1560,686730991906516992,3801,1088
1561,686683045143953408,2606,730
1562,686618349602762752,3407,1237
1563,686606069955735556,1750,490
1564,686394059078897668,1590,631
1565,686386521809772549,3006,791
1566,686377065986265092,2045,514
1567,686358356425093120,1993,599
1568,686286779679375361,3709,1521
1569,686050296934563840,2061,665
1570,686035780142297088,1061,104
1571,686034024800862208,2840,1037
1572,686007916130873345,2277,363
1573,686003207160610816,1679,563
1574,685973236358713344,1936,477
1575,685943807276412928,1498,534
1576,685906723014619143,6890,2584
1577,685681090388975616,1884,110
1578,685667379192414208,2178,508
1579,685663452032069632,2971,1331
1580,685641971164143616,2688,695
1581,685547936038666240,30332,14092
1582,685532292383666176,2805,1045
1583,685325112850124800,8672,3577
1584,685321586178670592,2438,578
1585,685315239903100929,3027,944
1586,685307451701334016,1923,395
1587,685268753634967552,2834,1071
1588,685198997565345792,2138,588
1589,685169283572338688,3776,1273
1590,684969860808454144,2215,326
1591,684959798585110529,6284,2807
1592,684940049151070208,2963,944
1593,684926975086034944,3216,417
1594,684914660081053696,3215,1320
1595,684902183876321280,1717,463
1596,684880619965411328,1920,724
1597,684830982659280897,32312,19638
1598,684800227459624960,2513,902
1599,684594889858887680,8169,3164
1600,684588130326986752,3806,1275
1601,684567543613382656,2758,1101
1602,684538444857667585,2435,855
1603,684481074559381504,3563,1069
1604,684460069371654144,1811,503
1605,684241637099323392,7473,2946
1606,684225744407494656,1141,183
1607,684222868335505415,3510,1240
1608,684200372118904832,1983,945
1609,684195085588783105,1760,456
1610,684188786104872960,3218,1047
1611,684177701129875456,1863,592
1612,684147889187209216,2738,1368
1613,684122891630342144,1861,425
1614,684097758874210310,3782,1297
1615,683857920510050305,3512,1020
1616,683852578183077888,1791,315
1617,683849932751646720,2410,851
1618,683834909291606017,2411,1019
1619,683828599284170753,2582,970
1620,683773439333797890,3069,1218
1621,683742671509258241,5969,2996
1622,683515932363329536,6781,2610
1623,683498322573824003,2929,872
1624,683481228088049664,2444,902
1625,683462770029932544,2240,620
1626,683449695444799489,3573,1456
1627,683391852557561860,7040,2173
1628,683357973142474752,2664,822
1629,683142553609318400,2641,933
1630,683111407806746624,3141,816
1631,683098815881154561,1995,588
1632,683078886620553216,1855,517
1633,683030066213818368,1997,667
1634,682962037429899265,33719,14844
1635,682808988178739200,1625,154
1636,682788441537560576,2278,1016
1637,682750546109968385,1401,398
1638,682697186228989953,1213,333
1639,682662431982772225,2809,987
1640,682638830361513985,1903,534
1641,682429480204398592,3175,1044
1642,682406705142087680,6955,1584
1643,682393905736888321,2067,595
1644,682389078323662849,1538,423
1645,682303737705140231,2815,883
1646,682259524040966145,3798,1078
1647,682242692827447297,2963,1036
1648,682088079302213632,16748,8855
1649,682059653698686977,4529,1526
1650,682047327939461121,2949,847
1651,682032003584274432,6047,1789
1652,682003177596559360,2856,1365
1653,681981167097122816,2593,917
1654,681891461017812993,2268,744
1655,681694085539872773,11790,3681
1656,681679526984871937,1627,399
1657,681654059175129088,2412,819
1658,681610798867845120,1727,416
1659,681579835668455424,3248,1175
1660,681523177663676416,13140,5193
1661,681340665377193984,1517,246
1662,681339448655802368,8547,3694
1663,681320187870711809,2403,671
1664,681302363064414209,3594,1619
1665,681297372102656000,2955,853
1666,681281657291280384,2960,993
1667,681261549936340994,1333,235
1668,681242418453299201,1355,469
1669,681231109724700672,2236,437
1670,681193455364796417,3407,1333
1671,680970795137544192,2208,583
1672,680959110691590145,4210,1818
1673,680940246314430465,2920,935
1674,680934982542561280,1911,391
1675,680913438424612864,2208,562
1676,680889648562991104,1609,323
1677,680836378243002368,3181,1183
1678,680805554198020098,1973,607
1679,680801747103793152,2185,739
1680,680798457301471234,2600,937
1681,680609293079592961,2409,624
1682,680583894916304897,3298,1186
1683,680497766108381184,3884,1729
1684,680494726643068929,1572,438
1685,680473011644985345,2343,669
1686,680440374763077632,1321,440
1687,680221482581123072,1355,260
1688,680206703334408192,2583,1042
1689,680191257256136705,1976,441
1690,680176173301628928,3552,1392
1691,680161097740095489,2136,669
1692,680145970311643136,3310,1557
1693,680130881361686529,2111,854
1694,680115823365742593,2493,822
1695,680100725817409536,3300,1245
1696,680085611152338944,11718,8125
1697,680070545539371008,2382,771
1698,679877062409191424,1789,576
1699,679872969355714560,2010,596
1700,679862121895714818,2246,554
1701,679854723806179328,2610,1099
1702,679844490799091713,2186,687
1703,679828447187857408,33078,12547
1704,679777920601223168,2854,995
1705,679736210798047232,1910,714
1706,679729593985699840,1991,747
1707,679722016581222400,1537,425
1708,679530280114372609,4363,1880
1709,679527802031484928,2422,649
1710,679511351870550016,3068,1143
1711,679503373272485890,2906,1332
1712,679475951516934144,1920,578
1713,679462823135686656,29328,16949
1714,679405845277462528,2158,1073
1715,679158373988876288,19380,7218
1716,679148763231985668,2552,920
1717,679132435750195208,2698,1034
1718,679111216690831360,5417,2306
1719,679062614270468097,15455,7186
1720,679047485189439488,2055,585
1721,679001094530465792,2590,1092
1722,678991772295516161,2065,1015
1723,678969228704284672,1498,408
1724,678800283649069056,2352,816
1725,678798276842360832,3158,1027
1726,678774928607469569,2570,819
1727,678767140346941444,3215,1222
1728,678764513869611008,1479,413
1729,678755239630127104,6469,2919
1730,678740035362037760,3390,1484
1731,678708137298427904,5116,2178
1732,678675843183484930,2597,1315
1733,678643457146150913,1877,359
1734,678446151570427904,3651,1371
1735,678424312106393600,4989,2265
1736,678410210315247616,3819,1607
1737,678399652199309312,73273,28478
1738,678396796259975168,1454,372
1739,678389028614488064,1711,380
1740,678380236862578688,2234,821
1741,678341075375947776,1573,471
1742,678334497360859136,1181,222
1743,678278586130948096,10398,5479
1744,678255464182861824,1448,327
1745,678023323247357953,1740,339
1746,678021115718029313,12345,5608
1747,677961670166224897,3132,1520
1748,677918531514703872,1216,364
1749,677895101218201600,4388,1839
1750,677716515794329600,2783,874
1751,677700003327029250,3110,1285
1752,677698403548192770,1118,285
1753,677687604918272002,2253,753
1754,677673981332312066,3032,1345
1755,677662372920729601,1773,841
1756,677644091929329666,1707,724
1757,677573743309385728,1934,598
1758,677565715327688705,1188,410
1759,677557565589463040,2214,1013
1760,677547928504967168,6307,3285
1761,677530072887205888,965,203
1762,677335745548390400,2755,1545
1763,677334615166730240,1224,251
1764,677331501395156992,986,208
1765,677328882937298944,3329,1341
1766,677314812125323265,1497,470
1767,677301033169788928,1111,354
1768,677269281705472000,1795,635
1769,677228873407442944,3204,1463
1770,677187300187611136,2479,810
1771,676975532580409345,2524,948
1772,676957860086095872,2020,719
1773,676949632774234114,1184,348
1774,676948236477857792,1956,771
1775,676946864479084545,1575,325
1776,676942428000112642,1870,664
1777,676936541936185344,11603,4419
1778,676916996760600576,2691,1611
1779,676897532954456065,2053,648
1780,676864501615042560,1887,622
1781,676821958043033607,20663,13736
1782,676819651066732545,1653,602
1783,676811746707918848,1303,379
1784,676776431406465024,4516,1800
1785,676617503762681856,2612,853
1786,676613908052996102,984,175
1787,676606785097199616,1719,385
1788,676603393314578432,1039,339
1789,676593408224403456,4126,1885
1790,676590572941893632,840,110
1791,676588346097852417,2079,698
1792,676582956622721024,1076,251
1793,676575501977128964,2327,986
1794,676533798876651520,1697,488
1795,676496375194980353,1373,471
1796,676470639084101634,10560,4169
1797,676440007570247681,1561,588
1798,676430933382295552,1264,302
1799,676263575653122048,1891,483
1800,676237365392908289,1090,250
1801,676219687039057920,70737,27676
1802,676215927814406144,1573,516
1803,676191832485810177,2053,915
1804,676146341966438401,1751,584
1805,676121918416756736,1962,1025
1806,676101918813499392,2580,1048
1807,676098748976615425,2674,1246
1808,676089483918516224,1181,390
1809,675898130735476737,1445,506
1810,675891555769696257,1922,762
1811,675888385639251968,2114,839
1812,675878199931371520,3780,1237
1813,675870721063669760,1465,497
1814,675853064436391936,2415,1132
1815,675849018447167488,864,123
1816,675845657354215424,2046,776
1817,675822767435051008,1385,474
1818,675820929667219457,956,206
1819,675798442703122432,9296,3039
1820,675781562965868544,1454,418
1821,675740360753160193,1058,295
1822,675710890956750848,1686,717
1823,675707330206547968,1785,597
1824,675706639471788032,583,85
1825,675534494439489536,1663,361
1826,675531475945709568,1066,329
1827,675522403582218240,939,249
1828,675517828909424640,1149,407
1829,675501075957489664,15525,5206
1830,675497103322386432,2819,1131
1831,675489971617296384,1149,526
1832,675483430902214656,1662,853
1833,675432746517426176,1360,501
1834,675372240448454658,1526,452
1835,675362609739206656,941,192
1836,675354435921575936,29423,14867
1837,675349384339542016,3527,1998
1838,675334060156301312,2483,1127
1839,675166823650848770,3164,1382
1840,675153376133427200,5584,2259
1841,675149409102012420,3348,1496
1842,675147105808306176,842,197
1843,675146535592706048,1052,255
1844,675145476954566656,1915,779
1845,675135153782571009,1164,411
1846,675113801096802304,1735,686
1847,675111688094527488,867,213
1848,675109292475830276,2518,996
1849,675047298674663426,928,275
1850,675015141583413248,2408,1034
1851,675006312288268288,875,200
1852,675003128568291329,1390,406
1853,674999807681908736,1992,952
1854,674805413498527744,760,316
1855,674800520222154752,2691,748
1856,674793399141146624,2219,950
1857,674790488185167872,983,216
1858,674788554665512960,719,181
1859,674781762103414784,1805,1043
1860,674774481756377088,984,407
1861,674767892831932416,1627,689
1862,674764817387900928,699,200
1863,674754018082705410,1229,382
1864,674752233200820224,1309,400
1865,674743008475090944,1259,465
1866,674742531037511680,431,44
1867,674739953134403584,969,326
1868,674737130913071104,580,80
1869,674690135443775488,1024,411
1870,674670581682434048,1446,565
1871,674664755118911488,809,205
1872,674646392044941312,1278,429
1873,674644256330530816,927,241
1874,674638615994089473,1515,509
1875,674632714662858753,1340,501
1876,674606911342424069,840,86
1877,674468880899788800,5549,1776
1878,674447403907457024,953,314
1879,674436901579923456,988,344
1880,674422304705744896,1281,464
1881,674416750885273600,610,115
1882,674410619106390016,1066,400
1883,674394782723014656,1333,487
1884,674372068062928900,766,280
1885,674330906434379776,505,65
1886,674318007229923329,1250,449
1887,674307341513269249,10125,6020
1888,674291837063053312,13155,5130
1889,674271431610523648,1393,644
1890,674269164442398721,824,202
1891,674265582246694913,1455,728
1892,674262580978937856,1178,382
1893,674255168825880576,1300,464
1894,674082852460433408,681,144
1895,674075285688614912,886,245
1896,674063288070742018,5715,1905
1897,674053186244734976,2948,1126
1898,674051556661161984,1292,431
1899,674045139690631169,1268,564
1900,674042553264685056,636,109
1901,674038233588723717,975,366
1902,674036086168010753,759,181
1903,674024893172875264,1582,1084
1904,674019345211760640,1013,264
1905,674014384960745472,1387,559
1906,674008982932058114,1084,299
1907,673956914389192708,1747,835
1908,673919437611909120,1058,325
1909,673906403526995968,2840,1428
1910,673887867907739649,841,220
1911,673716320723169284,2782,669
1912,673715861853720576,3162,1807
1913,673711475735838725,937,264
1914,673709992831262724,751,236
1915,673708611235921920,952,253
1916,673707060090052608,988,346
1917,673705679337693185,1124,358
1918,673700254269775872,1283,500
1919,673697980713705472,3508,1691
1920,673689733134946305,1539,569
1921,673688752737402881,1126,438
1922,673686845050527744,1275,377
1923,673680198160809984,1229,414
1924,673662677122719744,1124,327
1925,673656262056419329,650,198
1926,673636718965334016,993,307
1927,673612854080196609,1426,630
1928,673583129559498752,1063,313
1929,673580926094458881,738,238
1930,673576835670777856,1229,486
1931,673363615379013632,931,266
1932,673359818736984064,1287,592
1933,673355879178194945,1342,491
1934,673352124999274496,1493,471
1935,673350198937153538,684,184
1936,673345638550134785,2227,1099
1937,673343217010679808,855,234
1938,673342308415348736,1132,492
1939,673320132811366400,11939,6869
1940,673317986296586240,781,216
1941,673295268553605120,6718,2743
1942,673270968295534593,956,312
1943,673240798075449344,1276,614
1944,673213039743795200,1969,724
1945,673148804208660480,1488,547
1946,672997845381865473,1753,630
1947,672995267319328768,844,251
1948,672988786805112832,873,253
1949,672984142909456390,1117,470
1950,672980819271634944,1624,888
1951,672975131468300288,1499,775
1952,672970152493887488,837,302
1953,672968025906282496,1183,469
1954,672964561327235073,1260,557
1955,672902681409806336,1231,422
1956,672898206762672129,792,363
1957,672884426393653248,1367,728
1958,672877615439593473,909,301
1959,672834301050937345,1151,503
1960,672828477930868736,1109,418
1961,672640509974827008,873,270
1962,672622327801233409,1147,420
1963,672614745925664768,1087,510
1964,672609152938721280,970,338
1965,672604026190569472,966,335
1966,672594978741354496,1177,529
1967,672591762242805761,840,284
1968,672591271085670400,640,157
1969,672538107540070400,900,316
1970,672523490734551040,552,146
1971,672488522314567680,990,371
1972,672482722825261057,990,518
1973,672481316919734272,639,110
1974,672475084225949696,1293,606
1975,672466075045466113,1192,447
1976,672272411274932228,5704,2923
1977,672267570918129665,1312,538
1978,672264251789176834,1011,285
1979,672256522047614977,2507,1324
1980,672254177670729728,1272,647
1981,672248013293752320,1526,520
1982,672245253877968896,607,131
1983,672239279297454080,805,275
1984,672231046314901505,1618,876
1985,672222792075620352,700,176
1986,672205392827572224,1981,1006
1987,672169685991993344,909,318
1988,672160042234327040,764,304
1989,672139350159835138,1540,593
1990,672125275208069120,2115,986
1991,672095186491711488,873,328
1992,672082170312290304,836,318
1993,672068090318987265,1135,439
1994,671896809300709376,7601,3667
1995,671891728106971137,1168,480
1996,671882082306625538,3095,1205
1997,671879137494245376,1244,570
1998,671874878652489728,1103,478
1999,671866342182637568,993,418
2000,671855973984772097,791,371
2001,671789708968640512,6304,2993
2002,671768281401958400,1049,434
2003,671763349865160704,1491,772
2004,671744970634719232,1206,661
2005,671743150407421952,674,200
2006,671735591348891648,1284,652
2007,671729906628341761,7481,3792
2008,671561002136281088,11367,6304
2009,671550332464455680,809,183
2010,671547767500775424,1202,496
2011,671544874165002241,1727,888
2012,671542985629241344,964,483
2013,671538301157904385,837,334
2014,671536543010570240,1036,343
2015,671533943490011136,895,493
2016,671528761649688577,737,214
2017,671520732782923777,1218,454
2018,671518598289059840,829,252
2019,671511350426865664,1423,605
2020,671504605491109889,6226,3114
2021,671497587707535361,825,388
2022,671488513339211776,884,412
2023,671486386088865792,509,172
2024,671485057807351808,677,195
2025,671390180817915904,1280,651
2026,671362598324076544,974,257
2027,671357843010908160,351,133
2028,671355857343524864,420,104
2029,671347597085433856,833,369
2030,671186162933985280,639,176
2031,671182547775299584,977,283
2032,671166507850801152,778,301
2033,671163268581498880,1455,965
2034,671159727754231808,313,68
2035,671154572044468225,624,186
2036,671151324042559489,587,126
2037,671147085991960577,582,191
2038,671141549288370177,1022,569
2039,671138694582165504,822,340
2040,671134062904504320,653,162
2041,671122204919246848,3080,2181
2042,671115716440031232,1213,670
2043,671109016219725825,1003,377
2044,670995969505435648,968,241
2045,670842764863651840,22028,7558
2046,670840546554966016,523,165
2047,670838202509447168,980,598
2048,670833812859932673,382,109
2049,670832455012716544,646,184
2050,670826280409919488,4861,3495
2051,670823764196741120,674,159
2052,670822709593571328,544,83
2053,670815497391357952,2775,1314
2054,670811965569282048,983,230
2055,670807719151067136,1052,425
2056,670804601705242624,1733,815
2057,670803562457407488,302,77
2058,670797304698376195,659,203
2059,670792680469889025,732,237
2060,670789397210615808,583,210
2061,670786190031921152,527,168
2062,670783437142401025,721,330
2063,670782429121134593,1347,654
2064,670780561024270336,699,249
2065,670778058496974848,297,62
2066,670764103623966721,958,371
2067,670755717859713024,392,87
2068,670733412878163972,848,446
2069,670727704916926465,736,312
2070,670717338665226240,1048,416
2071,670704688707301377,686,318
2072,670691627984359425,517,209
2073,670679630144274432,664,240
2074,670676092097810432,214,35
2075,670668383499735048,9441,4305
2076,670474236058800128,1336,631
2077,670468609693655041,313,77
2078,670465786746662913,852,467
2079,670452855871037440,489,174
2080,670449342516494336,1073,567
2081,670444955656130560,6046,1738
2082,670442337873600512,580,175
2083,670435821946826752,937,435
2084,670434127938719744,1254,560
2085,670433248821026816,294,100
2086,670428280563085312,1229,521
2087,670427002554466305,462,141
2088,670421925039075328,1142,549
2089,670420569653809152,538,265
2090,670417414769758208,501,280
2091,670411370698022913,1792,766
2092,670408998013820928,484,187
2093,670403879788544000,376,128
2094,670385711116361728,489,173
2095,670374371102445568,669,236
2096,670361874861563904,288,55
2097,670338931251150849,373,96
2098,670319130621435904,3466,1065
2099,670303360680108032,382,107
2100,670290420111441920,622,249
2101,670093938074779648,909,276
2102,670086499208155136,620,217
2103,670079681849372674,1954,1055
2104,670073503555706880,1383,677
2105,670069087419133954,551,205
2106,670061506722140161,666,290
2107,670055038660800512,592,279
2108,670046952931721218,576,151
2109,670040295598354432,658,96
2110,670037189829525505,527,240
2111,670003130994700288,295,77
2112,669993076832759809,284,70
2113,669972011175813120,392,133
2114,669970042633789440,271,43
2115,669942763794931712,444,131
2116,669926384437997569,338,81
2117,669923323644657664,202,50
2118,669753178989142016,705,340
2119,669749430875258880,227,55
2120,669684865554620416,446,74
2121,669683899023405056,338,93
2122,669682095984410625,312,115
2123,669680153564442624,585,241
2124,669661792646373376,714,365
2125,669625907762618368,3112,1563
2126,669603084620980224,845,316
2127,669597912108789760,446,131
2128,669583744538451968,1315,800
2129,669573570759163904,388,120
2130,669571471778410496,1406,877
2131,669567591774625800,202,45
2132,669564461267722241,335,104
2133,669393256313184256,313,62
2134,669375718304980992,1173,626
2135,669371483794317312,434,148
2136,669367896104181761,404,129
2137,669363888236994561,556,200
2138,669359674819481600,329,103
2139,669354382627049472,2379,1091
2140,669353438988365824,562,226
2141,669351434509529089,376,153
2142,669328503091937280,905,364
2143,669327207240699904,496,101
2144,669324657376567296,438,182
2145,669216679721873412,1053,346
2146,669214165781868544,384,135
2147,669203728096960512,886,406
2148,669037058363662336,571,264
2149,669015743032369152,649,323
2150,669006782128353280,509,209
2151,669000397445533696,18646,5504
2152,668994913074286592,390,188
2153,668992363537309700,657,292
2154,668989615043424256,594,288
2155,668988183816871936,797,389
2156,668986018524233728,477,140
2157,668981893510119424,479,258
2158,668979806671884288,701,292
2159,668975677807423489,1151,495
2160,668967877119254528,127,18
2161,668960084974809088,618,209
2162,668955713004314625,241,63
2163,668932921458302977,227,50
2164,668902994700836864,275,87
2165,668892474547511297,353,126
2166,668872652652679168,475,267
2167,668852170888998912,409,139
2168,668826086256599040,381,112
2169,668815180734689280,491,225
2170,668779399630725120,627,325
2171,668655139528511488,470,187
2172,668645506898350081,772,457
2173,668643542311546881,782,446
2174,668641109086707712,942,465
2175,668636665813057536,918,435
2176,668633411083464705,2454,1375
2177,668631377374486528,616,280
2178,668627278264475648,281,97
2179,668625577880875008,328,111
2180,668623201287675904,1244,653
2181,668620235289837568,181,35
2182,668614819948453888,542,272
2183,668587383441514497,1472,918
2184,668567822092664832,206,46
2185,668544745690562560,452,197
2186,668542336805281792,403,181
2187,668537837512433665,226,61
2188,668528771708952576,402,189
2189,668507509523615744,276,87
2190,668496999348633600,358,114
2191,668484198282485761,371,207
2192,668480044826800133,394,127
2193,668466899341221888,767,439
2194,668297328638447616,556,255
2195,668291999406125056,213,28
2196,668286279830867968,436,116
2197,668274247790391296,719,196
2198,668268907921326080,483,206
2199,668256321989451776,1148,516
2200,668248472370458624,838,406
2201,668237644992782336,5428,2413
2202,668226093875376128,246,85
2203,668221241640230912,452,168
2204,668204964695683073,488,171
2205,668190681446379520,576,171
2206,668171859951755264,424,162
2207,668154635664932864,438,272
2208,668142349051129856,509,239
2209,668113020489474048,581,207
2210,667937095915278337,1112,690
2211,667924896115245057,264,95
2212,667915453470232577,184,46
2213,667911425562669056,430,245
2214,667902449697558528,757,334
2215,667886921285246976,1646,907
2216,667885044254572545,729,398
2217,667878741721415682,348,101
2218,667873844930215936,551,338
2219,667866724293877760,2710,898
2220,667861340749471744,222,69
2221,667832474953625600,254,54
2222,667806454573760512,927,417
2223,667801013445750784,283,81
2224,667793409583771648,606,286
2225,667782464991965184,363,210
2226,667773195014021121,204,44
2227,667766675769573376,372,185
2228,667728196545200128,324,126
2229,667724302356258817,423,268
2230,667550904950915073,0,28
2231,667550882905632768,0,25
2232,667549055577362432,5093,1944
2233,667546741521195010,303,106
2234,667544320556335104,761,456
2235,667538891197542400,175,58
2236,667534815156183040,716,443
2237,667530908589760512,409,206
2238,667524857454854144,1496,964
2239,667517642048163840,332,165
2240,667509364010450944,6043,1856
2241,667502640335572993,484,193
2242,667495797102141441,456,231
2243,667491009379606528,456,189
2244,667470559035432960,225,85
2245,667455448082227200,171,53
2246,667453023279554560,279,73
2247,667443425659232256,681,486
2248,667437278097252352,396,197
2249,667435689202614272,267,76
2250,667405339315146752,410,196
2251,667393430834667520,168,50
2252,667369227918143488,328,144
2253,667211855547486208,425,209
2254,667200525029539841,544,227
2255,667192066997374976,332,86
2256,667188689915760640,643,330
2257,667182792070062081,12507,5254
2258,667177989038297088,166,48
2259,667176164155375616,524,386
2260,667174963120574464,218,69
2261,667171260800061440,186,72
2262,667165590075940865,2376,965
2263,667160273090932737,219,50
2264,667152164079423490,42174,14569
2265,667138269671505920,4002,1862
2266,667119796878725120,284,105
2267,667090893657276420,286,105
2268,667073648344346624,351,103
2269,667070482143944705,72,13
2270,667065535570550784,143,40
2271,667062181243039745,192,45
2272,667044094246576128,163,43
2273,667012601033924608,394,186
2274,666996132027977728,213,79
2275,666983947667116034,2242,842
2276,666837028449972224,702,467
2277,666835007768551424,183,65
2278,666826780179869698,218,79
2279,666817836334096384,442,209
2280,666804364988780544,206,78
2281,666786068205871104,658,408
2282,666781792255496192,325,168
2283,666776908487630848,303,148
2284,666739327293083650,207,59
2285,666701168228331520,371,182
2286,666691418707132416,159,42
2287,666649482315059201,993,524
2288,666644823164719104,208,69
2289,666454714377183233,447,179
2290,666447344410484738,90,19
2291,666437273139982337,106,40
2292,666435652385423360,137,42
2293,666430724426358785,276,160
2294,666428276349472768,139,67
2295,666421158376562688,272,91
2296,666418789513326592,107,39
2297,666411507551481857,371,262
2298,666407126856765440,93,30
2299,666396247373291520,147,68
2300,666373753744588802,162,73
2301,666362758909284353,649,468
2302,666353288456101888,179,56
2303,666345417576210432,241,122
2304,666337882303524864,168,79
2305,666293911632134144,425,289
2306,666287406224695296,123,56
2307,666273097616637952,151,66
2308,666268910803644416,99,38
2309,666104133288665088,12856,5460
2310,666102155909144576,66,11
2311,666099513787052032,133,53
2312,666094000022159362,142,63
2313,666082916733198337,92,37
2314,666073100786774016,274,130
2315,666071193221509120,127,51
2316,666063827256086533,394,180
2317,666058600524156928,99,47
2318,666057090499244032,247,112
2319,666055525042405380,367,196
2320,666051853826850816,1024,700
2321,666050758794694657,115,50
2322,666049248165822465,88,36
2323,666044226329800704,246,115
2324,666033412701032449,100,36
2325,666029285002620928,112,39
2326,666020888022790149,2284,420
